2.801329
1.007037
1.002603
1.002142
1.001748
1.001546
1.002618
1.002594
1.002717
1.002909
1.003514
1.002947
1.002855
1.002083
1.001884
1.002068
1.001950
1.002066
1.002392
1.001874
1.001613
1.002172
1.002584
1.002766
1.002728
1.002487
1.002544
1.002310
1.003547
1.003321
1.002730
1.002824
1.002448
1.002219
1.002420
1.001341
1.002375
1.002119
1.002123
1.001886
1.001970
1.001939
1.002895
1.002584
1.002591
1.001064
1.002376
1.002212
1.002638
1.002145
1.002675
1.003501
1.003252
1.003465
1.002985
1.001482
1.002847
1.002758
1.002938
1.002926
1.001409
1.002960
1.002849
1.002994
1.003681
1.002268
1.003257
1.002946
1.001772
1.002963
1.001439
1.003189
1.003138
1.003216
1.003457
1.002645
1.003437
1.002199
1.001599
1.001477
1.001966
1.002390
1.001604
1.001043
1.002323
1.002977
1.002575
1.002499
1.002456
1.002596
1.002809
1.002263
1.001740
1.002471
1.002218
1.001621
1.002735
1.001154
1.002467
1.002573
